Importance
0.005396795813816315
7.672033785765876e-21
0.0
8.084477328798092e-19
2.3405118619213074e-20
1.7127112891232486e-19
3.278624267655223e-20
0.0
0.0
1.5303287993832184e-05
4.4693280891600245e-20
3.9815098613265413e-19
0.0
2.0595191666300575e-17
9.200219853005159e-19
0.0
1.107375961079456e-19
0.0
0.0
0.0
1.3383373967976587e-11
1.1556027222400463e-08
0.0
7.485811033068963e-21
0.0
1.2790891134328972e-18
0.0
0.0
1.3530155576434992e-20
0.0
1.4509303473155236e-09
2.1021712742852695e-21
2.8830859420383596e-06
2.178822229894819e-05
2.5330410817712353e-06
0.0
3.611318639794054e-08
2.1575423345619684e-17
0.0
9.904409597415812e-18
2.9734346278206655e-20
4.265058163480329e-18
0.0
0.0
6.702198262610996e-22
5.207584971787464e-19
2.8840460076880224e-19
0.0
0.0
5.911851225312022e-19
3.33571844657803e-20
1.7323100586572927e-06
0.0
0.0
0.0
0.0
0.0
0.0
8.168937157143173e-21
0.0
8.213619967931781e-22
5.1779236983588975e-18
4.185877068744868e-21
0.0
0.0
3.6528585506947704e-19
1.2326193663204703e-20
0.0
7.627006682438867e-21
3.639629970761938e-21
7.146393746364654e-19
3.488748390647281e-20
0.0
5.337931097027345e-18
1.9291231108020995e-17
0.0
1.5137597688347343e-18
0.0
1.2417054594419163e-18
6.801496896220884e-07
2.09350731657284e-05
0.0
1.751666430680283e-17
9.17021408213401e-19
1.8130110716382865e-19
0.0
6.041252134666708e-21
0.0
0.0
0.0
5.472429313187936e-22
0.0
0.0
0.0
0.0
1.7239159211385985e-19
0.0
0.0
0.0
2.6439378176500082e-20
2.4674302097650442e-18
0.0
3.66823790752168e-06
0.0
1.6752285815232396e-19
2.6314247903471736e-21
3.6305379572294534e-21
7.416016964092221e-08
5.928847073940077e-19
1.5663915273916375e-21
9.33044262086626e-20
2.5332358135730686e-06
0.0
3.5697285940692564e-20
5.734293544629143e-18
4.562300502039621e-19
2.341840439737168e-19
0.0
1.113321164252675e-21
5.0122526298602076e-18
0.0
4.192023806066367e-17
1.2898007283088856e-17
2.758039992589844e-19
6.76160586523324e-09
1.879646885197911e-17
0.0
0.0
0.0
0.0
3.80082382623779e-20
2.5896818683795538e-18
1.9040216053451533e-19
0.0
0.0
6.729573057848894e-19
2.7658105305147433e-20
0.0
0.0
1.6604384525082603e-20
0.0
0.0
1.2745089102083428e-19
0.0
0.0
1.9628433278480976e-18
1.2337709577391068e-18
0.0
2.017818901336948e-21
2.814712566282322e-19
2.1896899988098195e-18
1.2266994990816548e-18
1.4203207718816681e-18
1.9208711296835808e-18
3.36016840086448e-17
5.653479615986696e-20
1.4542715233070476e-17
6.882871665305788e-19
1.7077041004369445e-05
0.0
6.201364847164838e-19
0.0
0.0
7.817584738082729e-07
2.2737763744560126e-20
0.0
0.0
1.2573334265146339e-20
0.0
0.0
4.820021532964136e-18
2.1952510605667477e-21
0.0
6.90307826776902e-19
1.1007267411474483e-20
2.5242664392387383e-18
2.1637542794901337e-17
7.118604870081349e-18
1.3658382538844177e-07
1.531899577211034e-22
0.0
0.0
0.0
4.535380681400406e-19
1.0042670669777025e-18
8.785439039825554e-20
2.1963640030686287e-17
0.0
6.615955312673009e-07
0.0
1.6219232787163092e-17
0.0
4.9303325309169834e-20
0.0
4.371732964371048e-21
0.0
0.0
0.0
5.145021946235373e-20
2.516719129161131e-19
4.658822746226402e-18
0.0
0.0
9.20394050730207e-07
1.7156363758862331e-19
0.0
5.186383711377374e-20
7.266580901052752e-21
1.54258837543704e-17
1.7751260812833268e-06
3.253937765880056e-21
4.2772652773681243e-19
0.0
4.503477290009644e-19
3.661344883654082e-18
0.0
0.0
0.0
3.1138488339746226e-20
0.0
0.0
0.0
0.0
1.9176301674809102e-20
0.0
1.2375404344464706e-20
0.0
8.106534850126413e-18
1.2884382255207812e-20
1.1976414814741684e-07
3.9833986476610865e-18
3.8621142002870196e-18
7.670801196028634e-05
0.0
1.3909694332814123e-05
4.465452115000427e-07
3.0706166947713203e-18
1.0298150944667759e-18
9.760237908764674e-19
0.0
1.3433626171576694e-19
5.425667430945758e-19
3.017019836918411e-07
2.7209408024014636e-07
4.530618173936958e-19
0.0
0.0
8.92819605785862e-06
1.9688582243413002e-18
5.1913869085302014e-21
1.7162863709537498e-21
4.6990678667730204e-18
1.948715630228598e-18
5.082671564312157e-07
1.2767080643933863e-17
0.0
4.3174170000161615e-19
2.1862213073327982e-17
0.0
0.0
9.178813353202866e-18
9.658816996476645e-20
0.0
4.373070773506947e-19
1.1864179864819975e-17
0.0
0.0
4.6557282785075945e-18
3.1557855653703894e-18
0.0
0.0
6.257530824121683e-19
0.0
0.0
8.83277550616428e-19
5.1900453645199074e-20
2.2195458537004782e-20
0.0
5.506888834255044e-05
8.271103597246726e-19
0.0
0.0
1.1944442078962086e-06
0.0
6.366038372589518e-18
3.91665307794114e-18
1.5701449481803227e-17
5.36477335464201e-18
0.0
1.1893301037632537e-18
1.288927026655649e-17
2.7537524750217896e-22
0.0
0.0
1.637519314226823e-20
0.0
0.0
1.7458501661538207e-21
2.9163542664321745e-06
5.749068639681674e-19
0.0
0.0
3.6933507337409456e-19
2.583061690709467e-19
0.0
6.253197085438206e-19
8.527463639697885e-19
7.424955479292106e-21
3.9893017175502524e-18
1.6068225162482915e-18
0.0
0.0
0.0
1.623183509754324e-20
2.678839418606031e-18
2.69203985638281e-17
5.170194645396903e-19
7.476697897491049e-20
4.11623433102236e-05
6.446714897471138e-20
1.1061434202723063e-20
5.4788275520295954e-21
8.18964558202557e-18
1.8250052763982877e-18
6.683581636079478e-08
1.1479948815945166e-18
0.0
2.325105952787508e-18
9.06140606164363e-08
7.73494646112611e-20
0.0
2.545591862864766e-06
3.415772144314605e-19
3.0779115988246233e-18
6.9341564537233725e-18
1.4597979181229363e-19
0.0
1.7056828189660622e-18
1.5864192919098069e-18
3.073612926150105e-20
1.5892073370542042e-17
1.4948271676086962e-19
7.890635338005138e-19
4.62263748719225e-21
3.259537494679283e-20
1.6212341561068956e-19
0.0
6.5156179210947456e-18
0.0
6.737633610090493e-06
9.467579702587153e-19
8.060215651482478e-18
0.0
5.017445093319176e-08
3.0416159618685774e-19
0.0
3.3976602204337174e-07
1.5509856650783303e-17
5.050586854711403e-18
1.0984164938267681e-20
0.0
4.165841505773931e-18
5.618330069052564e-21
7.643911504031865e-18
0.0
0.0
0.0
0.0
0.0
2.4357240531450125e-18
1.5649078122621591e-19
9.24082528939561e-07
1.611994353617206e-17
5.0703296281925583e-20
0.0
0.0
0.0
0.0
3.3231165520082383e-18
2.9767594057168955e-22
7.95746628416637e-21
1.058232172906467e-17
9.78768538712224e-19
7.364317418833086e-19
0.0
2.7659292889742046e-18
5.6540730923162715e-19
2.0561305358058204e-05
8.974761684885654e-19
1.8116852129513633e-18
4.4375190937390915e-18
0.0001139401510850149
4.207696780315245e-18
1.0965075807537978e-18
0.0
7.466023930176007e-11
1.7895498095522966e-19
2.814436374991626e-20
0.0
3.503128157836527e-21
2.851826099408714e-17
0.0
3.218979205469794e-20
6.693155672061563e-18
0.0
8.673483792658227e-18
1.8484328453475183e-18
0.0
3.7756832865395913e-07
1.7542413785287288e-19
2.829992673082592e-17
1.2558903735151707e-17
2.3101708601985724e-21
2.2362306045834484e-19
0.0
1.4985668124441058e-18
3.854838934723632e-19
0.0
0.0
4.931206168759514e-19
0.0
9.278052557601113e-18
6.193793991478385e-06
0.0
0.0
2.4791649614135674e-17
2.2759690360686767e-21
3.207554135688689e-20
8.90250103709283e-07
1.95507911702159e-21
2.1246872473920143e-18
0.0
0.0
1.2061897185681494e-18
3.472926241027619e-17
4.205925475023623e-08
6.874119143162136e-19
0.0
1.3544391014180745e-07
8.076353570304931e-19
0.0
3.267472556379319e-21
5.431037424937741e-19
1.1536104957916996e-18
8.948456195537511e-08
1.1913033354167128e-20
0.0
0.0
0.0
0.0
2.70158651411635e-19
9.792294231873387e-19
0.0
1.8362131106427165e-20
0.0
1.384690240267557e-06
0.0
0.0
2.5637452844666113e-18
9.840561569823143e-18
0.0
2.156001105065767e-17
0.0
0.0
1.0959609445097897e-06
0.0
0.0
7.707476957205202e-19
1.3488717420753641e-20
0.0
9.61409200276889e-19
0.0
1.9161909678022548e-19
8.048054883160816e-18
6.70200303090751e-19
0.0
0.0
9.921511692689549e-09
0.0
6.128743195488901e-19
7.600059706644798e-21
2.4601499643267083e-18
0.0
0.0
1.6498951325983561e-22
1.2471927928377896e-17
0.0
0.0
1.9478367853453007e-17
1.0777564779209188e-20
0.0
5.6133064090449954e-18
0.0
1.2720118149700375e-20
8.396716035540618e-19
1.5097690663989021e-22
5.473502477525797e-18
3.034915108402418e-18
4.4123776975122617e-07
5.069122540026241e-19
0.0
2.319436742834287e-20
2.4446381524250823e-19
2.2067855881301496e-18
2.1145302352681544e-18
0.0
0.0
8.039878396627613e-19
0.0
1.8178289783029926e-19
0.0
1.4024727021014718e-17
3.0566862265093313e-19
0.0
0.0
0.0
0.0
1.782622754734278e-21
0.0
4.987459338465367e-20
1.032441198706122e-18
7.547503560374667e-18
0.0
0.0
0.0
2.1123731302249974e-20
0.0
6.410959976280711e-20
2.3949271350143852e-19
0.0
4.717125183943609e-18
8.078017294346716e-21
7.147820012500276e-21
1.0988336257800362e-19
8.190991270384277e-21
1.1430064321015991e-19
2.0068622348559083e-19
1.6970493041346915e-19
0.0
0.0
0.0
9.574677581507431e-20
0.0
0.0
1.6930158845603911e-19
0.0
6.559960827057405e-20
3.10959089756335e-19
0.0
0.0
1.1343560434040869e-18
2.408149585937188e-19
0.0
1.2073632770073833e-19
4.01547853866037e-19
1.7129881455369682e-17
5.846605422077766e-06
2.9918268204791597e-17
0.0
8.899847765950671e-18
2.394127842774958e-21
0.0
5.633172910429898e-18
1.0042906541301577e-19
0.0
8.056862880324964e-20
3.106931634333359e-19
6.541834315735624e-19
1.9869711856083628e-18
0.0
0.0
0.0
3.217183355189723e-07
0.0
1.7725167661555784e-19
0.0
0.0
8.200784822328876e-19
0.0
4.844039430761388e-21
0.0
0.0
1.0406030560955303e-18
2.891953160887698e-19
9.998799701260955e-20
2.1257137590642177e-17
1.0424007069920338e-05
1.7281714708940866e-17
1.2926642130287416e-08
7.387179027254652e-21
1.4421154488608488e-20
4.415097760984183e-19
6.778806648519858e-19
1.5523349181950566e-18
0.0
0.0
5.079134185290284e-21
1.2164112432525388e-18
0.0
2.2999278838062835e-19
2.004127509155029e-19
2.6534025631932613e-19
0.0
4.022832959630383e-19
2.690438611630593e-19
0.0
0.0
1.943023188587754e-18
9.792785837992714e-20
0.0
8.796081258079235e-22
2.091676254397754e-17
2.9673913227909877e-18
0.0
9.061284239308361e-07
1.6525820804686818e-17
0.0
3.0621749998271307e-21
3.2511245486893424e-18
0.0
2.0311402699841462e-19
3.395606115143593e-18
2.4215732587736766e-18
0.0
6.7784567108604596e-06
0.0
1.1615959752466988e-21
1.5844775942425347e-18
1.5871441527952592e-19
1.1088234403570414e-18
3.3246561708095006e-06
6.2320750203886756e-18
0.0
0.0
0.0
5.092036512729548e-07
0.0
7.665361322293389e-19
0.0
0.0
1.2013123830225826e-17
7.48286613577899e-18
0.0
4.637684463169297e-20
9.215502093111993e-08
1.9512829913463395e-18
0.0
1.0166958676611614e-18
1.1305377367843754e-18
9.615195706222664e-19
1.8561827672449299e-19
0.0
0.0
0.0
6.129931259324623e-07
7.195275741391777e-22
9.802772189032956e-21
1.0575314226909416e-21
6.504369976568748e-08
0.0
0.0
1.887514917619812e-20
8.794426175825306e-06
0.0
1.3844121971645694e-20
0.0
4.325070072927046e-06
4.379664590148622e-20
0.0
3.477205613948148e-21
2.723393812412372e-21
0.0
5.538460527249738e-19
0.0
1.0228430772441365e-08
1.8237938077516792e-09
2.402484479913352e-19
4.6181545513694546e-08
5.132540743178724e-22
0.0
9.424807405664461e-18
2.4349653244409373e-18
6.414414480846203e-21
4.242305360289686e-19
3.758029484127285e-18
8.063309017203332e-07
6.085290679486126e-19
7.43267642307105e-18
4.508890391668693e-07
6.393296147569968e-19
1.0475042371978904e-19
1.2662903169207687e-19
0.0
8.032867212166298e-20
0.0
2.0766621434548783e-19
5.4084011055314255e-21
9.521340111812181e-18
8.350363624940695e-19
0.0
1.5059783649804608e-19
8.506653990899154e-18
0.0
0.0
0.0
2.434042857794517e-20
0.0
0.0
3.189095493730352e-21
1.2092897038043524e-18
1.0241751305875959e-20
1.4805206228662205e-18
0.0
0.0
0.0
1.6159861067309836e-17
7.527563896730626e-06
0.0
0.0
0.0
0.0
1.27836053558462e-17
3.685245496425387e-18
7.951292326455666e-19
1.287039858518174e-20
6.5298873828741825e-19
4.0837996126940964e-17
7.474976025095517e-20
0.0
5.257344400291149e-22
1.2360897698112599e-05
9.948506279161701e-06
0.0
6.8363165461111255e-19
1.6635712954190614e-07
3.6490062109590723e-07
0.0
0.0
0.0
2.6657566737253e-05
1.2664308376947822e-20
1.761913030895859e-20
1.549793652006396e-17
8.81707955803774e-19
0.0
2.1044538079801171e-07
0.0
0.0
0.0
6.242832825497473e-18
1.592170080523888e-19
2.2959993108276703e-18
2.864204841115054e-21
5.3727134467755646e-21
8.038077729939571e-18
0.0
7.99713516694413e-19
3.4388213655145295e-20
0.0
0.0
0.0
7.363604023851215e-22
5.21752377170511e-21
0.0
1.749220380818097e-06
5.700661307998091e-21
0.0
0.0
0.0
3.233312548902039e-18
1.2366763046167426e-18
4.227884191851722e-20
0.0
6.402845577883812e-20
7.872297866100616e-20
0.0
0.0
0.0
4.2669399395180604e-20
1.5027833635148344e-17
0.0
2.218510859623413e-18
0.0
0.0
1.1335246032239316e-17
2.165413778906558e-17
4.820231176214345e-19
1.3871768507408551e-08
0.0
9.752799085872717e-08
1.1781468275158892e-07
1.864391381092188e-18
4.6701316054611615e-19
2.0721650800420442e-07
4.6183521327707334e-20
0.0
0.0
1.2705724237044517e-06
2.5147318334410983e-20
0.0
3.8810344073892304e-19
4.410925546419989e-19
1.525891075038639e-21
0.0
6.864002390486774e-20
0.0
4.997606354031775e-08
0.0
2.1501879852321073e-19
4.953118548945441e-18
0.0
1.2304722197741848e-20
8.372756207245129e-21
0.0
8.277692383305021e-09
1.6558959137689856e-17
1.0046953602482169e-17
0.0
5.377284592754077e-19
0.0
0.0
9.621480931199463e-19
5.947014938987051e-17
4.4583155140506224e-18
4.711609263903325e-19
2.765977229808886e-06
1.8855296713652667e-18
9.674468964995513e-19
2.0365966490740037e-06
3.77312715286216e-20
0.0
2.621410039049195e-20
4.764219047777721e-19
1.2666595289786005e-18
1.8145220929382237e-20
1.1109824720189912e-18
5.713696524072414e-18
9.254332586295823e-19
0.0
5.744235407580614e-18
0.0
0.0
7.878119413785209e-21
0.0
3.3279276627987703e-22
7.647369489414729e-19
0.0
1.1320719453886625e-18
9.555857674572752e-21
0.0
0.0
0.0
0.0
3.624373968388459e-21
6.577995507765598e-19
2.1825388336566973e-20
0.0
0.0
0.0
0.0
0.0
0.0
1.4907040045119875e-19
0.0
1.664423988464248e-17
0.0
2.3478619917284877e-18
0.0
6.2676040711349906e-18
1.0601031633077832e-20
0.0
6.3978067838696476e-06
6.5878374388955996e-21
0.0
0.0
8.560410957997796e-18
0.0
0.0
0.0
2.0520243004582676e-18
0.0
6.020527369331144e-22
1.0359786564136234e-20
8.548596062274484e-19
9.948664095355736e-21
0.0
4.376558634977385e-07
4.545077681611501e-08
0.0
0.0
3.764476504574211e-09
3.331304026194388e-19
0.0
7.514850812657088e-18
6.648887841954515e-18
0.0
5.651510964703227e-20
5.486474227208805e-21
1.452131206602394e-17
4.197020334811587e-09
1.1417958420264352e-18
0.0
8.552285245482374e-18
0.0
0.0
8.259885416438091e-18
1.3555145114173183e-21
3.021376343006181e-18
2.4929457981922677e-19
1.026735232486883e-18
1.252039974099535e-20
7.793407535863366e-18
1.0091925959442435e-18
1.7668259118619372e-17
0.0
0.0
0.0
3.4413645304594374e-08
0.0
0.0
3.3487161531600215e-19
5.1329337515274374e-21
6.438922136426793e-18
2.8247710708385406e-20
1.2662661288627898e-07
0.0
0.0
5.6176555119843155e-19
1.1922144249392201e-19
0.0
0.0
0.0
2.800545684358598e-20
4.1124259587147046e-20
0.0
2.3728847736942816e-18
5.200178922536659e-07
0.0
3.548454473116475e-20
1.70845627509592e-17
2.4188564088559044e-06
0.0
1.407860094087872e-17
2.2706156252590468e-18
8.958223273592506e-20
0.0
6.603886301198042e-20
2.89729776663278e-20
1.620504334593762e-17
6.006071392352087e-21
1.4740708808931827e-19
1.5144528455743357e-19
6.705960485477933e-19
0.0
0.0
5.036542348293501e-21
3.2258944258791666e-18
3.190721669348028e-18
4.677889234165293e-21
0.0
0.0
0.0
2.831562093249879e-08
1.033065602510414e-20
0.0
0.0
0.0
0.0
0.0
1.7792681875683384e-19
1.5377808344402344e-18
0.0
3.6422997693230675e-20
9.532034670411376e-18
0.0
0.0
5.31211432603468e-06
4.728451954216891e-06
6.197033971858594e-21
1.7062111951333044e-18
0.0
9.945003799358692e-21
2.9103664664476967e-19
0.0
6.5182701418936515e-18
0.0
2.2698842212984154e-20
6.303990275043174e-18
7.294720687543297e-18
5.045715276029224e-18
0.0
0.0
3.7658868777787325e-21
0.0
0.0
0.0
9.015123516079756e-21
4.3052767076953085e-21
0.0
0.0
0.0
6.941256455597552e-18
0.0
2.5657087889109197e-20
0.0
5.4151708249329586e-18
1.1849243690036714e-20
2.347704073544332e-17
7.930572678994255e-20
3.0613577563319904e-20
0.0
1.2503056182182483e-19
0.0
2.052949329547804e-19
6.2745391559657614e-18
2.899652648351805e-19
1.3750029277381814e-19
0.0
8.654801087429128e-21
0.0
5.059851224008495e-19
0.0
0.0
0.0
0.0
3.654615592379253e-18
9.564996645276793e-09
4.541382106857693e-20
0.0
1.0577096745355065e-21
0.0
0.0
3.002097996554895e-21
1.4095061768120165e-17
3.1435462295090134e-21
2.5590419682889544e-18
2.8729315087740156e-18
8.881968870216428e-19
1.4916720677147474e-17
7.933621117631612e-19
0.0
0.0
0.0
0.0
0.0
0.0
1.6224503096715027e-20
1.2125343729987743e-19
1.7372701467047337e-06
3.663062465647106e-08
2.6387151776466102e-18
2.5149530486428643e-07
0.0
4.899489124736356e-18
0.0
7.859562411087135e-19
0.0
3.8349576485352995e-21
3.1589251092369945e-08
1.486604569700033e-07
0.0
0.0
9.933216815549674e-21
4.329451105708975e-19
1.5754384343591708e-18
3.9894253282457166e-21
1.24958521215444e-18
3.88535556882971e-18
1.0430327816412174e-18
6.855709850736644e-18
0.0
6.04810297417457e-17
1.1463213073131867e-20
0.0
1.4436221372997405e-19
1.6040449385476744e-21
1.6122843062666054e-07
0.0
0.0
8.85500023870012e-21
3.133739908178223e-21
0.0
0.0
4.891948081333774e-18
3.1696156074986403e-06
0.0
0.0
4.651564731541985e-17
0.0
1.504421375738558e-17
0.0
0.0
0.0
1.1209858560471472e-17
1.8452759891721472e-19
6.041038814911691e-20
0.0
1.8632482296188284e-21
3.701608818853821e-19
0.0
2.5676730816618945e-06
0.0
5.875914713769466e-21
1.0585228930520987e-05
0.0
2.7174602331348954e-20
0.0
0.0
1.0648090718170066e-17
9.084685185765295e-19
0.0
0.0
0.0
4.224726935010595e-18
2.6583338142516503e-18
1.1536436818598695e-07
0.0
0.0
1.3922230530544773e-18
9.479339480139953e-21
0.0
1.5664750354576025e-20
1.191639597881122e-18
0.0
1.752299608956828e-20
0.0
0.0
0.0
5.4442961302428396e-21
3.669777385744636e-20
0.0
0.0
6.67150061913179e-19
5.463156354687379e-21
0.0
2.7941273337267044e-21
0.0
1.0921646763244595e-20
0.0
0.0
5.710580318097488e-18
2.3144484876880814e-19
0.0
0.0
1.589641732146727e-05
3.0737470075088354e-21
1.667304521506739e-19
6.412498791773504e-21
4.758188696886728e-19
0.0
0.0
0.0
0.0
5.476487629344987e-21
5.530562618272168e-20
2.78084614387545e-08
2.0232606786199863e-07
0.0
6.30264048575e-08
0.0
0.0
0.0
8.695462914990055e-19
6.825612624694822e-21
1.3076278729599615e-18
1.0898403883132433e-07
0.0
0.0
0.0
0.0
2.730100010452568e-19
0.0
2.0050839808779536e-19
1.1043242576381837e-18
0.0
0.0
1.2666339384550744e-18
0.0
0.0
0.0
9.698730914621023e-09
3.72177234736567e-18
0.0
0.0
2.3325800649454587e-21
0.0
0.0
2.080820473712139e-17
0.0
5.532632158013356e-21
1.1755190312586525e-19
3.5552566844863187e-20
7.376704966709358e-19
0.0
4.499552468627913e-20
0.0
1.0446856232883336e-18
0.0
9.456880335032227e-08
7.447049355507484e-21
5.344351721026834e-18
1.6860830167856272e-18
0.0
0.0
0.0
6.467438509075936e-18
1.0121164258194954e-19
9.862561012974617e-21
0.0
0.0
5.244687335056608e-09
9.095467051419756e-20
0.0
3.31230089324799e-20
0.0
9.45967771515394e-19
2.5855709611265374e-21
0.0
0.0
8.227905886935806e-19
1.488435768957714e-20
0.0
5.808365378160354e-20
4.35900824498047e-19
0.0
0.0
0.0
5.2551257016445204e-20
9.905562485010219e-19
2.7523807014116246e-17
0.0
0.0
0.0
0.0
0.0
3.263946596383133e-06
0.0
1.249407471064931e-17
0.0
2.947515504854278e-18
1.2255708142383455e-20
1.6849174987902602e-19
0.0
0.0
0.0
5.480862811112788e-22
0.0
1.7359530033282547e-18
1.9996372668222924e-08
7.572942452306554e-09
3.7335946196474256e-20
0.0
6.416906992157388e-19
0.0
0.0
0.0
6.9160616094358405e-06
2.3896797329168037e-21
0.0
4.2345190697311294e-18
0.0
5.67199299509878e-22
9.441087309951658e-19
2.6323936386647797e-17
0.0
1.5926768911695004e-22
4.1604974711138536e-17
7.310393703287644e-21
0.0
1.9167878908827433e-05
6.789285795780031e-21
1.533224467093762e-20
1.3046275025333718e-21
2.9448059222653734e-18
0.0
0.0
0.0
2.523262139388604e-18
0.0
1.6039783929587805e-21
1.2168676515320233e-20
0.0
0.0
0.0
0.0
0.0
1.696481355067717e-19
0.0
0.0
0.0
1.882427439981609e-21
1.5974348272398021e-21
1.2366450853338639e-17
0.0
3.5373509177315444e-19
0.0
0.0
2.807332732968254e-06
1.2282230953618903e-17
0.0
4.807033158826582e-21
1.1679027048175671e-18
0.0
5.434264841687458e-19
5.477118744766259e-19
1.228610272445068e-20
1.1437279588462472e-19
0.0
0.0
5.217235959838044e-21
2.447686659880732e-19
3.0299813399751706e-18
2.1411659737952887e-19
0.0
1.9101718424297976e-18
0.0
2.0430831066796978e-17
0.0
1.258478607893792e-17
0.0
6.0855840824933445e-06
1.6755270553285452e-20
2.3661696875442286e-06
0.0
1.2862947059852366e-19
4.515882712082095e-20
1.0609221898868267e-08
0.0
4.658603833694297e-06
1.5473573706211378e-17
1.025542324077495e-07
0.0
2.385186118009387e-19
1.2941562868898533e-21
2.696240232306752e-09
1.922650813232619e-05
0.0
6.750746741048866e-21
9.550159141533909e-19
1.9994190675705438e-20
2.6348777439507906e-18
2.947700971661882e-19
6.683086771680766e-22
9.190887900276612e-19
4.397254668981579e-21
0.0
1.024294086969381e-18
0.0
0.0
3.109262858180198e-20
1.836024152498858e-18
2.5803804292920305e-19
7.137244858081591e-18
1.9283038839818495e-05
0.0
6.175499020634003e-19
0.0
0.0
8.370668178656586e-19
5.7091627068412605e-19
2.1162005694966706e-18
5.690000698420326e-20
0.0
5.252834520961108e-18
0.0
1.3991365427527554e-19
1.0046315741965238e-20
2.6111512235673975e-17
0.0
1.0420865079668076e-21
1.2675429309800502e-19
6.281227224022195e-08
1.866149643794174e-21
5.566292449810107e-18
0.0
2.1489418526320298e-21
1.0765374409229462e-18
2.4369932636945828e-05
8.732348243116428e-19
2.530061123241804e-21
1.6525643473566117e-21
0.0
0.0
0.0
0.0
5.7420040639346075e-18
2.94923931332683e-18
1.5861086410351185e-17
0.0
0.0
4.7169154054849835e-20
1.8562258591121595e-19
1.3360775536899193e-06
1.2266797256406194e-21
0.0
1.4123198266873741e-18
0.0
1.908469893737532e-20
0.0
2.953460014375901e-19
0.0
3.167246319365965e-08
6.914057216253143e-22
0.0
0.0
0.0
7.992729352220432e-21
0.0
0.0
0.0
0.0
8.875159444281105e-19
0.0
3.9190908749512386e-20
4.495538180246337e-19
0.0
1.1091216018991359e-18
0.0
0.0
1.440672863897874e-18
2.826012074814393e-19
7.874334406136927e-07
8.239116509896437e-18
2.6333408469548153e-20
2.9290192408783024e-20
0.0
0.0
9.76279176499492e-18
9.138650210642973e-18
0.0
9.209714092349634e-08
3.579157377270281e-19
0.0
1.0647539471243929e-18
0.0
0.0
8.16893585872558e-21
9.5226582742107e-18
0.0
0.0
1.131952754770481e-17
0.0
0.0
0.0
1.685258374583647e-20
0.0
0.0
2.9056016206540866e-21
1.6336506519410393e-20
0.0
1.8297672966219934e-21
1.9535045752728547e-18
0.0
7.866543062077487e-06
1.1789518963647651e-20
8.142446877093066e-19
0.0
1.5307073170723604e-19
1.1092048792030893e-07
6.847958349509904e-20
2.534598603936653e-21
0.0
0.0
5.868646350656597e-20
0.0
3.708658156732771e-19
8.680339255034025e-18
1.1745088843362088e-18
4.558185326948333e-20
0.0
0.0
0.0
4.182990526672254e-21
1.865081074162129e-19
6.181773666087853e-19
3.364548041818993e-20
1.5303189884508137e-19
3.088249406788702e-22
0.0
1.2495750508018154e-18
0.0
1.794304531637704e-20
2.671290931807374e-18
3.679814118194672e-18
1.29783675244272e-18
1.7019060499179477e-19
0.0
8.208199737895578e-07
2.0458396473193352e-18
0.0
2.774890610209752e-18
6.22545031565443e-21
6.012980397830885e-17
0.0
2.2365785013074605e-19
1.1561664866016839e-07
0.0
2.9106287576841207e-06
0.0
0.0
1.369634388328503e-18
5.9229774645579365e-18
0.0
1.127334193830718e-18
1.8241970691967775e-19
1.2881619355146992e-17
9.099565978231633e-18
3.3725579278117848e-18
4.969493824642368e-19
1.137740058799962e-18
0.0
7.12123991800801e-18
0.0
6.853994936091509e-18
0.0
0.0
7.025430896047117e-19
1.8930607535844973e-19
6.626520999699903e-21
1.8567745360538066e-20
1.5780687494894066e-18
2.677780357130101e-19
0.0
0.0
5.8494317768247925e-19
0.0
4.823809191690746e-06
0.0
0.0
0.0
0.0
5.492450712001416e-21
0.0
0.0
0.0
0.0
2.1287835377450655e-17
9.85084192581794e-18
8.029652003338054e-20
0.0
1.0164047388238298e-05
1.0095230918965174e-21
0.0
2.947839659580977e-06
5.265388090351837e-20
1.4931811472533064e-17
2.7102723610399834e-21
9.956937689088703e-19
3.3800200877402605e-21
0.0
1.404502127589588e-20
4.182054661767966e-21
2.6561485201647167e-19
0.0
0.0
4.895789905290206e-19
1.3996589133222746e-22
0.0
1.625439021514188e-18
3.0903206982124247e-22
1.5535145224597323e-18
2.054486664681567e-06
6.135841315477774e-21
0.0
1.6947808214118328e-07
1.1960075514265788e-20
0.0
0.0
1.3576335111510572e-17
0.0
1.3015141402114184e-19
1.186658261215468e-20
0.0
1.0731126840310683e-18
2.2424695552299744e-18
0.0
1.0431775387436777e-18
0.0
0.0
6.394058454528147e-18
2.5556286802810717e-18
5.9775306685561874e-18
1.3581002852355678e-17
0.0
6.016108915384471e-21
7.194303842814462e-21
2.569800360137469e-21
1.3859147174236025e-20
0.0
0.0
4.897915215061914e-06
1.0156737526731356e-17
0.0
0.0
0.0
2.7236841483041335e-18
0.0
8.233813439044331e-08
0.0
1.815651897032637e-21
1.8750664600320812e-19
4.3140280881960215e-21
0.00038255756265830916
9.072114151331088e-06
1.3039604533080857e-06
0.0007775857404034212
9.262281729287844e-05
0.008795910483826384
0.004945202717006978
0.00015557360417515047
9.00750782745956e-07
1.6068756217935696e-05
0.001234136776095359
0.00010955725070934662
1.4788786099194148e-05
0.007191584238823434
0.000975021152568971
7.336815821222771e-07
3.3930691194884296e-05
0.0001310461993373292
0.0018966491345582099
2.169881759550605e-05
0.00013583471782094563
0.00010609002645869336
0.005226183863625156
0.0003422445227950241
0.00010757254530060909
0.0024686029091458843
0.00010167808656870858
0.007769494812492878
1.665222754829999e-06
4.252563583813165e-06
0.007856238510001582
0.013611003941668566
2.657961840414715e-06
0.003452209454516402
0.012565428738377198
0.0012237019216486194
1.4243230865652886e-06
0.17841743675997535
7.151651180878372e-05
0.19213461786047945
0.03010303910641797
1.221214637558417e-05
0.001970715221719478
1.2302667448246017e-05
0.00013696487265770011
0.008883546152455178
3.128566507761074e-07
9.43897210071786e-07
3.5928014307169707e-06
2.6825130652923296e-05
0.0009185867527544343
0.001488287635814373
0.001607642172116711
0.00014746807091743335
0.00012695371293936037
1.5284314424870853e-05
2.2013100884554695e-05
0.00015166182520509662
0.00015170845671988654
0.00022076934678914875
0.0003863901986435131
0.00014446073671892033
0.031777520529933996
1.1060685384815392e-06
0.00010042599353260592
2.40400664845407e-06
0.0022518926602802993
0.0021156511123860363
0.0005449594295130582
3.097524050536367e-06
8.567060006362124e-07
0.0002461610090446565
9.196373116548218e-06
3.175590080702383e-05
3.58466849051898e-05
4.26160600192283e-05
0.00020034577752948813
3.0198027723373718e-05
0.00028148265705648783
0.0001186675373931841
4.8657523415032465e-05
1.1971898305014617e-05
0.0021158348950871112
8.765834127148187e-06
2.3916148583500693e-05
2.0840572974891403e-05
0.00019095328641571498
1.5417546066321296e-05
1.76448979816301e-05
3.209974963300838e-05
9.150105214164775e-05
1.1647010559882525e-05
2.1991274358692162e-06
0.00015524275514858227
0.0018520737226161218
0.0008490165282409461
1.822823082144803e-06
0.0011222479238891358
8.10748549486274e-05
0.00015509622806983038
2.2795022455744506e-05
0.0003382568633904477
0.00012404407802259687
3.3144420737621216e-05
1.6275185308510747e-05
3.101794941595209e-06
2.0411145888936543e-05
1.583410134166391e-06
1.3208773188576916e-06
0.021291096014147328
7.734790682046617e-05
0.0002507862895275256
0.0001266928860546867
0.0002374779427518596
0.0006979189672634725
1.2786652122731069e-06
2.4768714675174235e-05
1.833991344987427e-06
2.9957505969516923e-05
3.797008303901324e-05
1.4751085240456054e-05
2.3872708829790895e-05
0.00216157781059141
1.2103400591551875e-06
1.6377700964438164e-06
0.0017359100660662794
1.6013486203998294e-05
0.0007586684961379786
9.831575200328984e-05
8.737424003579395e-06
0.00031381065859546064
2.47452793874658e-06
2.5899679211894052e-06
1.5655353161364543e-06
0.00018903469326898595
0.00032707294996704614
5.05411841403019e-07
1.8012707573962925e-06
0.00017452821380198774
0.0
2.4187100039108576e-05
0.00015348664469362023
0.0006116069063747985
2.671044863200141e-05
5.78869387510745e-05
3.425476028478328e-06
8.623244054161952e-07
9.54609522509301e-07
5.514428465038585e-05
1.8426089253426528e-05
2.760122343427528e-06
0.00017010635266330752
0.0037442969164036334
0.00015389267144620884
0.007484458994747629
7.863702590827056e-05
6.3699038508008866e-06
0.0021602619403059123
0.04029045405691946
0.0008280660384123099
0.00016278000325945657
2.0553624603654457e-05
0.00019453950500414457
0.0002864026685362638
0.0003691881678335283
3.308930216807788e-05
9.336898426997988e-05
0.01433126689857274
2.453614172316515e-06
0.0023713538973370164
0.00020199798239726077
0.007376450761458106
0.0002814617077516729
0.0037777988120919646
0.00014713692572909098
0.006144090515288481
1.116502458704763e-05
1.0436151712224669e-07
0.007522556727557993
0.00013802030716371697
5.814695231186486e-07
2.21598692803754e-06
3.543709553123012e-05
1.6221177213022789e-06
3.1830821117744286e-05
3.0331671146307545e-06
7.428552727047875e-06
0.0001228418877573527
0.0004873569007719565
0.00012595178037997374
3.142050404051678e-05
1.2380911653987373e-05
3.3086991488846904e-05
0.0008095457513686823
3.3801508139440195e-06
0.00017896072554839882
0.000726715044069031
0.002476860940248158
0.000395670127277685
0.002471740609740724
0.0013866434595002186
0.00884653382886418
1.624963020270343e-05
0.00016793106215989086
0.005977743133879708
0.0022026190451240623
4.5559571958988145e-06
7.58921778472245e-06
0.00011709270050051166
2.9368530928135685e-05
0.00034859327996097754
4.769485503799116e-07
0.0003958973098207316
0.017371387306084916
1.687427586267947e-06
2.547226185909472e-05
1.172232306950713e-06
8.47532246917648e-05
5.8464326665448e-06
0.0016761946557686549
3.0402408650832636e-05
0.0005216761933138607
0.00020896572693482755
1.692315586854393e-05
0.00022084358232073972
0.001368799342011783
1.4253459996969476e-05
1.8264212406894157e-05
1.6193596850320937e-07
0.0002980939969570485
0.00023671403401585443
8.890856813889859e-06
8.481763161219601e-05
3.735382318927451e-06
1.8161646554866142e-05
3.758758447521206e-05
8.365010197838505e-07
9.153584341620058e-05
0.0010393922401761941
0.007727062640354834
1.5706748662720344e-05
2.8565002028119336e-05
0.0013468706128934138
1.3259826941458941e-05
0.0006480959368055161
0.0005087464118710874
0.07276392943411983
2.3662184777693138e-05
0.0009250122196765438
1.3026128649090907e-06
0.00010889812905375772
0.0017231487407103443
2.9653289015245623e-05
6.969017730535834e-07
2.1005330943242095e-06
9.931404596637657e-08
1.7825914801632858e-06
0.0015030663933909459
1.8590574829028067e-06
4.1397363355569954e-05
5.9344973899581666e-05
0.00012261087274031762
0.0029432324731063393
0.0008759339578051916
2.783446145996535e-05
2.7814151342363366e-05
2.0440392938361117e-05
4.7789064273548e-05
0.00017425047503467203
2.2808213411305445e-05
1.0723353742165482e-05
0.0022483101419419897
4.851898326050552e-06
0.0022062477993202282
1.2230707882467827e-06
0.0025356155594042796
1.1948587630641623e-06
2.5705356894579738e-05
0.00014263713520643989
0.000452013968199877
0.0016514570235333257
0.0008095682224889509
1.4529136633353685e-05
0.00012136497359834067
3.8117388199716562e-06
0.0005892713901287285
0.00010615398192800604
0.002913285262476043
0.008524319095888714
7.897470590806661e-05
3.756066832033273e-05
0.002170414300763468
0.0006164017690892552
0.00010827444418684658
0.011183890408325771
0.005662698666991167
0.00013996650365967792
1.1267679190611976e-07
4.41968554844463e-05
0.0069343808252678675
0.0006742751058250653
0.0828784160460033
0.006952606111195434
0.00015822620602899757
0.036143950615346865
0.0003907440306970265
0.0011543182757778954
0.0014891920203158814
4.1268104003468136e-05
5.829941666356278e-06
